Tract Hemisphere Point Value Std.Error DF t.value p.value p.val.adj Position
AF L 1 0.0326699999999989 0.0266844200787627 447 1.22430991205988 0.221480202972866 1 0
AF L 2 0.0181433333333354 0.0266844200787626 447 0.679922339694208 0.496905601201632 1 3.125
AF L 3 0.007303333333337 0.0266844200787626 447 0.273692788218003 0.784447139352337 1 6.25
AF L 4 0.0172733333333346 0.0266844200787627 447 0.647319045433631 0.517757766924365 1 9.375
AF L 5 0.0518533333333341 0.0266844200787627 447 1.94320630466324 0.0526186240482621 1 12.5
AF L 6 0.0390100000000007 0.0266844200787627 447 1.46190173460234 0.144470787267692 1 15.625
AF L 7 0.0210733333333321 0.0266844200787627 447 0.789724238755473 0.430107543903179 1 18.75
AF L 8 0.019613333333334 0.0266844200787627 447 0.735010664479221 0.462718434710694 1 21.875
AF L 9 0.00926666666666911 0.0266844200787627 447 0.347268804767624 0.728552827355872 1 25
AF L 10 0.00732999999999881 0.0266844200787627 447 0.274692122907799 0.783679693908892 1 28.125
AF L 11 0.0158633333333329 0.0266844200787627 447 0.594479223700949 0.552492401905413 1 31.25
AF L 12 0.00311000000000099 0.0266844200787626 447 0.116547408218781 0.907271059161913 1 34.375
AF L 13 0.00820000000000183 0.0266844200787627 447 0.307295417168461 0.758761637092047 1 37.5
AF L 14 0.0288866666666667 0.0266844200787627 447 1.08252930291923 0.279601012728455 1 40.625
AF L 15 0.0498366666666676 0.0266844200787627 447 1.86763161873362 0.062467612119138 1 43.75
AF L 16 0.0481266666666657 0.0266844200787627 447 1.80354928173868 0.0719751754448079 1 46.875
AF L 17 0.0266099999999986 0.0266844200787627 447 0.997211103762257 0.319201560668603 1 50
AF L 18 0.0242966666666691 0.0266844200787627 447 0.910518819406762 0.363039681743751 1 53.125
AF L 19 0.0278566666666668 0.0266844200787626 447 1.04393000051881 0.297082001514106 1 56.25
AF L 20 0.00959999999999911 0.0266844200787627 447 0.359760488392231 0.719196157511747 1 59.375
AF L 21 0.000473333333333932 0.0266844200787627 447 0.017738190747141 0.985855628212644 1 62.5
AF L 22 -0.00324333333333282 0.0266844200787626 447 -0.121544081668617 0.903314720439101 1 65.625
AF L 23 0.00869000000000062 0.0266844200787627 447 0.325658192096771 0.744835366544528 1 68.75
AF L 24 0.0246833333333339 0.0266844200787626 447 0.925009172411384 0.355460230694011 1 71.875
AF L 25 0.0205666666666672 0.0266844200787627 447 0.770736879645947 0.441270085978099 1 75
AF L 26 0.0367900000000005 0.0266844200787627 447 1.37870712166162 0.168674623978303 1 78.125
AF L 27 0.0427533333333332 0.0266844200787627 447 1.60218334170804 0.109821461260762 1 81.25
AF L 28 0.0350099999999998 0.0266844200787627 447 1.31200153110553 0.190192984031312 1 84.375
AF L 29 0.0200133333333339 0.0266844200787627 447 0.750000684828893 0.453648853694323 1 87.5
AF L 30 0.0239966666666666 0.0266844200787627 447 0.899276304144412 0.36898967853616 1 90.625
AF L 31 0.0232800000000001 0.0266844200787627 447 0.872419184351244 0.38344811164978 1 93.75
AF L 32 0.00107333333333347 0.0266844200787627 447 0.0402232212716403 0.967933123548233 1 96.875
AF L 33 0.021076666666667 0.0266844200787627 447 0.789849155591776 0.43003465501329 1 100
AF R 1 -0.016333333333334 0.0447458530193978 244 -0.365024515819451 0.715409299817249 1 0
AF R 2 0.0022333333333329 0.0447458530193978 244 0.049911515428362 0.960233733311758 1 2.85714285714286
AF R 3 -0.0446166666666642 0.0447458530193978 244 -0.997112886580181 0.319697522846343 1 5.71428571428571
AF R 4 -0.0623833333333323 0.0447458530193978 244 -1.39417016603278 0.164534452452358 1 8.57142857142857
AF R 5 -0.0601000000000006 0.0447458530193979 244 -1.34314122861724 0.180474203747624 1 11.4285714285714
AF R 6 -0.0249166666666664 0.0447458530193978 244 -0.556848623622501 0.57814124746386 1 14.2857142857143
AF R 7 -0.0279833333333323 0.0447458530193978 244 -0.625383838837562 0.532303629192703 1 17.1428571428571
AF R 8 -0.0289166666666667 0.0447458530193979 244 -0.646242382598696 0.518729749445935 1 20
AF R 9 -0.015316666666665 0.0447458530193978 244 -0.342303602079618 0.732417093036998 1 22.8571428571429
AF R 10 -0.0319666666666657 0.0447458530193978 244 -0.714405123818018 0.475659592833249 1 25.7142857142857
AF R 11 -0.0345666666666673 0.0447458530193978 244 -0.772511067152576 0.440559422861111 1 28.5714285714286
AF R 12 -0.0357500000000004 0.0447458530193979 244 -0.798956720849691 0.425092521180149 1 31.4285714285714
AF R 13 -0.017683333333333 0.0447458530193979 244 -0.395194909473892 0.69304431935457 1 34.2857142857143
AF R 14 -0.0154000000000007 0.0447458530193979 244 -0.344165972058341 0.731017891712183 1 37.1428571428571
AF R 15 -0.024849999999999 0.0447458530193978 244 -0.555358727639548 0.579158117431003 1 40
AF R 16 0.0155999999999981 0.0447458530193979 244 0.348635660007091 0.727663487813281 1 42.8571428571429
AF R 17 0.025400000000001 0.0447458530193978 244 0.567650369498818 0.570794327315322 1 45.7142857142857
AF R 18 0.01685 0.0447458530193978 244 0.376571209687193 0.706819541667986 1 48.5714285714286
AF R 19 -0.0302833333333327 0.0447458530193978 244 -0.676785250248879 0.49918330682396 1 51.4285714285714
AF R 20 -0.0132333333333331 0.0447458530193978 244 -0.295744352612885 0.767676853137209 1 54.2857142857143
AF R 21 -0.00736666666666718 0.0447458530193979 244 -0.164633506114492 0.869368761250475 1 57.1428571428571
AF R 22 -0.0150833333333336 0.0447458530193978 244 -0.337088966139382 0.736339607062863 1 60
AF R 23 -0.00959999999999907 0.0447458530193978 244 -0.214545021542831 0.830301257244435 1 62.8571428571429
AF R 24 -0.0135666666666659 0.0447458530193978 244 -0.303193832527556 0.762000495311423 1 65.7142857142857
AF R 25 -0.0308000000000003 0.0447458530193978 244 -0.688331944116656 0.491897665459897 1 68.5714285714286
AF R 26 -0.0311 0.0447458530193979 244 -0.695036476039863 0.487693784810899 1 71.4285714285714
AF R 27 0.0190333333333343 0.0447458530193979 244 0.425365303128383 0.670945307352619 1 74.2857142857143
AF R 28 0.0139833333333333 0.0447458530193979 244 0.312505682420924 0.754923157299145 1 77.1428571428571
AF R 29 -0.0124999999999995 0.0447458530193978 244 -0.279355496800578 0.780208666282885 1 80
AF R 30 0.0155666666666667 0.0447458530193979 244 0.347890712015668 0.728222192704886 1 82.8571428571429
AF R 31 0.00558333333333357 0.0447458530193979 244 0.124778788570935 0.900801419030114 1 85.7142857142857
AF R 32 0.0111333333333337 0.0447458530193979 244 0.2488126291504 0.803715023073778 1 88.5714285714286
AF R 33 0.0435000000000004 0.0447458530193979 244 0.972157128866056 0.331935117577782 1 91.4285714285714
AF R 34 0.0365500000000001 0.0447458530193979 244 0.816835472644922 0.414819260987648 1 94.2857142857143
AF R 35 -0.00916666666666655 0.0447458530193979 244 -0.204860697653762 0.837851751513507 1 97.1428571428571
AF R 36 0.0182833333333335 0.0447458530193979 244 0.408603973320332 0.683188688875719 1 100
ILF L 1 0.0169212121212122 0.023290415109183 575 0.726531152059221 0.4678088676609 1 0
ILF L 2 0.00950404040404204 0.023290415109183 575 0.408066595614037 0.683376686853156 1 3.125
ILF L 3 -0.0132979797979802 0.023290415109183 575 -0.570963623260498 0.568247375463617 1 6.25
ILF L 4 -0.00394242424242519 0.023290415109183 575 -0.169272390549654 0.86564192350499 1 9.375
ILF L 5 0.0123464646464649 0.023290415109183 575 0.530109256901863 0.596240821031118 1 12.5
ILF L 6 0.00389898989899055 0.023290415109183 575 0.167407488475946 0.867108291817643 1 15.625
ILF L 7 0.00852323232323446 0.023290415109183 575 0.365954504601074 0.714533621605676 1 18.75
ILF L 8 -0.0125919191919159 0.0232904151091829 575 -0.540648122108877 0.588959503728307 1 21.875
ILF L 9 0.00170000000000014 0.023290415109183 575 0.0729913997681329 0.941838344058029 1 25
ILF L 10 0.00330808080808 0.023290415109183 575 0.142036146310491 0.887101206278535 1 28.125
ILF L 11 -0.00641515151515241 0.023290415109183 575 -0.275441699303291 0.783075863516201 1 31.25
ILF L 12 -0.0163717171717149 0.023290415109183 575 -0.702937972336088 0.482378900419684 1 34.375
ILF L 13 -0.0176999999999996 0.023290415109183 575 -0.759969279938717 0.447584424537592 1 37.5
ILF L 14 -0.0239060606060597 0.023290415109183 575 -1.02643342739881 0.305118927572937 1 40.625
ILF L 15 -0.0256474747474725 0.023290415109183 575 -1.10120298960924 0.271269075222604 0.99009900990099 43.75
ILF L 16 -0.0476505050505066 0.023290415109183 575 -2.04592768429099 0.0412178706433805 0.475247524752475 46.875
ILF L 17 -0.0487525252525235 0.023290415109183 575 -2.09324415318391 0.0367649098210448 0.455445544554455 50
ILF L 18 -0.0531555555555558 0.023290415109183 575 -2.28229317967792 0.0228364037632945 0.336633663366337 53.125
ILF L 19 -0.0607727272727273 0.0232904151091829 575 -2.60934495962529 0.0093077201377606 0.158415841584158 56.25
ILF L 20 -0.0572161616161623 0.023290415109183 575 -2.45663983866062 0.014318744908718 0.277227722772277 59.375
ILF L 21 -0.0656787878787878 0.023290415109183 575 -2.81999215432154 0.00496811289518504 0.0891089108910891 62.5
ILF L 22 -0.0696858585858589 0.023290415109183 575 -2.99204021307387 0.00289004377951209 0.0594059405940594 65.625
ILF L 23 -0.0646979797979789 0.023290415109183 575 -2.77788006330851 0.00565010224290968 0.128712871287129 68.75
ILF L 24 -0.0711393939393946 0.023290415109183 575 -3.05444937781918 0.00235914078374776 0.0594059405940594 71.875
ILF L 25 -0.0701232323232313 0.023290415109183 575 -3.01081934325777 0.00271979731838821 0.0594059405940594 75
ILF L 26 -0.0356373737373733 0.023290415109183 575 -1.53013046655927 0.126534373898088 0.821782178217822 78.125
ILF L 27 -0.0252525252525247 0.023290415109183 575 -1.08424539168339 0.27871041531424 0.99009900990099 81.25
ILF L 28 -0.00532222222222227 0.023290415109183 575 -0.228515558751196 0.819326706955674 1 84.375
ILF L 29 -0.0105030303030306 0.023290415109183 575 -0.450959343308977 0.652188861766468 1 87.5
ILF L 30 -0.0132070707070707 0.023290415109183 575 -0.567060339850423 0.570894485029221 1 90.625
ILF L 31 -0.0280666666666663 0.023290415109183 575 -1.20507369813259 0.228670573167127 0.97029702970297 93.75
ILF L 32 -0.0272999999999998 0.023290415109183 575 -1.17215600804109 0.241619845937552 0.97029702970297 96.875
ILF L 33 0.0218848484848485 0.023290415109183 575 0.939650426248506 0.347791455311008 1 100
ILF R 1 -0.0318797979797979 0.0254119804540053 575 -1.25451843619584 0.210163329319338 1 0
ILF R 2 -0.0329787878787867 0.0254119804540053 575 -1.29776535671735 0.194888339226779 1 3.125
ILF R 3 -0.0403828282828291 0.0254119804540053 575 -1.58912558412834 0.112581704624341 1 6.25
ILF R 4 -0.0408464646464656 0.0254119804540053 575 -1.60737037872338 0.108522085484317 1 9.375
ILF R 5 -0.0370494949494958 0.0254119804540053 575 -1.45795385828168 0.14539921212508 1 12.5
ILF R 6 -0.0189949494949488 0.0254119804540053 575 -0.74748009228674 0.455079381386993 1 15.625
ILF R 7 -0.013971717171716 0.0254119804540054 575 -0.549808276336596 0.582664366240162 1 18.75
ILF R 8 -0.0265777777777747 0.0254119804540052 575 -1.04587589408388 0.296057793014249 1 21.875
ILF R 9 -0.0363989898989901 0.0254119804540054 575 -1.43235549723764 0.152585501580533 1 25
ILF R 10 -0.0578696969696981 0.0254119804540054 575 -2.27726040772146 0.0231370663180605 1 28.125
ILF R 11 -0.043709090909092 0.0254119804540053 575 -1.72001906692018 0.0859670447938249 1 31.25
ILF R 12 -0.0381424242424223 0.0254119804540053 575 -1.50096228475614 0.133914215978694 1 34.375
ILF R 13 -0.0303636363636365 0.0254119804540054 575 -1.19485517543953 0.232636223718113 1 37.5
ILF R 14 -0.00792323232323165 0.0254119804540053 575 -0.311791217436688 0.755312219130676 1 40.625
ILF R 15 -0.00980808080807899 0.0254119804540053 575 -0.385962866051752 0.699666931960517 1 43.75
ILF R 16 -0.0192141414141434 0.0254119804540053 575 -0.75610562698646 0.449895517027431 1 46.875
ILF R 17 -0.0274272727272713 0.0254119804540053 575 -1.07930480967092 0.280904393772567 1 50
ILF R 18 -0.021684848484849 0.0254119804540053 575 -0.853331700144257 0.393830713171691 1 53.125
ILF R 19 -0.0230474747474752 0.0254119804540053 575 -0.906953111710056 0.364811508024759 1 56.25
ILF R 20 -0.0267646464646475 0.0254119804540053 575 -1.05322946053301 0.292678221052514 1 59.375
ILF R 21 -0.00751212121212157 0.0254119804540053 575 -0.295613371248975 0.767632080442681 1 62.5
ILF R 22 -0.00304545454545507 0.0254119804540053 575 -0.119843258614464 0.904649173972572 1 65.625
ILF R 23 -0.0110797979797973 0.0254119804540053 575 -0.436006866912687 0.662995390879906 1 68.75
ILF R 24 -0.0220353535353544 0.0254119804540054 575 -0.867124605862086 0.386235449970411 1 71.875
ILF R 25 -0.0208262626262619 0.0254119804540053 575 -0.819545043486736 0.412815077707908 1 75
ILF R 26 -0.03250202020202 0.0254119804540053 575 -1.27900382502054 0.201411630853925 1 78.125
ILF R 27 -0.0424292929292927 0.0254119804540053 575 -1.66965707399658 0.095531501753723 1 81.25
ILF R 28 -0.0407666666666672 0.0254119804540054 575 -1.6042302071046 0.1092124053286 1 84.375
ILF R 29 -0.0283666666666674 0.0254119804540053 575 -1.11627138695506 0.264772241518929 1 87.5
ILF R 30 0.00221717171717129 0.0254119804540053 575 0.0872490721919247 0.930503909223991 1 90.625
ILF R 31 -0.00566565656565646 0.0254119804540053 575 -0.222952184931476 0.82365189793592 1 93.75
ILF R 32 -0.0145373737373739 0.0254119804540053 575 -0.572067720722749 0.56749967333438 1 96.875
ILF R 33 0.0177717171717171 0.0254119804540054 575 0.699344043801827 0.484619845882307 1 100
